1339 Chautauqua Blvd|2750000|8490|34.05328|-118.52036|6845429
620 N Marquette St|5295000|64396|34.04609|-118.54169|6842657
16942 Bollinger Dr|1475000|6902|34.04369|-118.54819|6842965
338 Mount Holyoke|2695000|6925|34.03667|-118.53152|6841886
16821 Via La Costa|1895000|19378|34.07859|-118.54806|6849321
1111 Kagawa St|2350000|6501|34.05005|-118.51889|6846096
1433 El Bosque Ct|1299000|15462|34.07526|-118.55644|6849007
1224 Lachman Ln|2950000|9430|34.05793|-118.54536|6845110
17241 Avenida De La Herradura|899000|6553|34.07853|-118.56149|6848578
1167 Lachman Ln|2595000|13566|34.05694|-118.54687|6845142
633 Resolano Dr|5250000|14060|34.04799|-118.55658|6843655
1150 Iliff St|2345000|6503|34.05093|-118.51957|6846086
16895 Calle De Sarah|1749000|10175|34.07737|-118.55268|6849276
611 Ocampo Dr|4495000|8205|34.03905|-118.52033|6840926
732 Hampden Pl|2195000|15103|34.04320|-118.52624|6841466
15215 Friends St|2595000|8528|34.03407|-118.52666|6841969
16614 Pequeno Pl|990000|13699|34.05452|-118.54503|6843943
424 Via De La Paz|3185000|7952|34.03770|-118.52915|6841837
819 Jacon Way|2300000|7744|34.05149|-118.54711|6843836
250 Trino Way|8288000|12581|34.04106|-118.54523|6843270
838 N Las Casas Ave|848000|4504|34.04944|-118.54093|6844172
16561 Las Casas Pl|995000|4360|34.05006|-118.54286|6844146
1515 Umeo Rd|5395000|33876|34.05948|-118.50485|6846843
16740 Monte Hermoso Dr|1650000|19424|34.06794|-118.55295|6849134
16726 Monte Hermoso Dr|1825000|16704|34.06762|-118.55251|6849136
16810 Glynn Dr|2495000|13538|34.06255|-118.55030|6845288
1161 Via De La Paz|2399000|7251|34.05074|-118.52653|6845652
16637 Cumbre Verde Ct|1450000|14440|34.07191|-118.55091|6849168
875 Chautauqua Blvd|2350000|6575|34.04600|-118.51703|6846624
327 N Grenola St|2895000|7034|34.04157|-118.54264|6842699
930 Kagawa St|2700000|7502|34.04717|-118.51768|6846536
1025 Las Pulgas Rd|1660000|12290|34.05147|-118.53826|6844811
16860 Livorno|1600000|6599|34.04354|-118.54619|6843007
911 Hartzell St|1895000|5207|34.04604|-118.52013|6846477
14736 Mc Kendree Ave|3195000|7695|34.05214|-118.52113|6845494
1160 Galloway St|2395000|6501|34.05101|-118.52172|6846035
17249 Avenida De La Herradura|899000|7350|34.07881|-118.56183|6848582
16742 Bollinger Dr|1250000|6018|34.04627|-118.54433|6842839
651 Erskine Dr|2499000|13826|34.04418|-118.53298|6842303
1026 Enchanted Way|4998000|37240|34.05542|-118.54842|6843881
16521 Las Casas Pl|1195000|9023|34.05019|-118.54179|6844138
922 Enchanted Way|1795000|15894|34.05310|-118.54850|6843852
866 Fiske St|1835000|5199|34.04501|-118.52141|6846724
533 Mount Holyoke Ave|2395000|7955|34.03929|-118.53052|6841680
1011 Embury St|1895000|5197|34.04737|-118.52348|6846330
701 Via De La Paz|3225000|8304|34.04280|-118.52863|6841432
711 Muskingum Ave|1995000|6058|34.04785|-118.53674|6842373
515 N Las Casas Ave|1250000|5900|34.04442|-118.54356|6843245
16723 W Sunset Blvd|899000|4946|34.04578|-118.54401|6842836
545 N Las Casas Ave|995000|4411|34.04524|-118.54350|6842818
539 Muskingum Pl|1650000|4944|34.04312|-118.53807|6842454
622 Alma Real Dr|3595000|8630|34.03905|-118.52357|22722917
16814 Calle Bellevista|2095000|13507|34.07766|-118.54957|6849296
824 Chautauqua Blvd|2350000|17733|34.04454|-118.51716|6846588
711 Chapala Dr|4375000|8008|34.04039|-118.52186|6840878
16756 Monte Hermoso Dr|1650000|19840|34.06836|-118.55330|6849132
683 Alma Real Dr|5500000|14157|34.04064|-118.52373|6840753
16503 Las Casas Pl|1395000|19137|34.05018|-118.54104|6844167
16150 Northfield St|1395000|5559|34.04811|-118.53836|6842589
432 Beirut Ave|2150000|4004|34.03810|-118.53021|6841861
1425 Monte Grande|1495000|15225|34.07577|-118.55778|6848997
1028 Chautauqua Blvd|3250000|11832|34.04886|-118.51695|6846163
1067 Las Pulgas Rd|1550000|10734|34.05232|-118.53928|8089632
1218 Monument|2150000|6418|34.05199|-118.52475|6845559
1552 Reseda Blvd|225000|20718|34.06078|-118.50641|169150910
1226 Monument St|2595000|7441|34.05204|-118.52475|6845558
15363 Via De Las Olas|5250000|6463|34.03617|-118.52930|6841926
17860 W Lecco Ln|999000|3717|34.04163|-118.56477|18997670
627 N Marquette St|999000|7813|34.04660|-118.54165|6842752
676 N Las Casas|1500000|9307|34.04795|-118.54146|6842772
736 Haverford Ave|2395000|7042|34.04389|-118.52887|6841436
16748 Monte Hermoso Dr|1675000|19745|34.06813|-118.55315|6849133
17929 Castellammare Dr|2200000|6287|34.04284|-118.56535|6843600
1555 Reseda Blvd|225000|14392|34.05983|-118.50594|169150888
16957 Livorno Dr|2000000|9239|34.04316|-118.54860|6842949
14511 W Sunset Blvd|1099000|7006|34.04555|-118.51564|6846584
620 Palmera Ave|2195000|36469|34.04599|-118.53891|6842554
320 Bellino Dr|2759000|21979|34.04590|-118.56105|6843520
16918 Marquez Ave|1395000|6333|34.04426|-118.54851|6842948
501 Muskingum Pl|1575000|4984|34.04275|-118.53857|6842458
558 Erskine Dr|1699999|6507|34.04245|-118.53344|6842347
16799 Charmel Ln|2995000|16113|34.06020|-118.55132|6845260
722 Patterson Pl|2995000|10980|34.04287|-118.52570|6841502
17000 W Sunset Blvd|14900000|120000|34.04020|-118.55083|6843191
16808 Charmel Ln|3200000|22689|34.06076|-118.55200|6845192
1032 El Medio Ave|2700000|28532|34.05261|-118.53062|6845810
1626 Chastain Pkwy|1545000|10442|34.07585|-118.54873|6849360
16915 Enchanted Pl|2690000|9823|34.05178|-118.54863|6843860
0 Michael Ln|1600000|423653|34.08023|-118.56209|195496654
1231 Las Lomas Pl|2300000||34.05499|-118.53483|6844735
405 N Puerto Del Mar|10995000|26571|34.04018|-118.53991|6842495
1467 Via Cresta|3490000|44007|34.05680|-118.53660|6845399
14410 Villa Woods Pl|2795000|13693|34.05207|-118.51410|6839896
17810 Castellammare Dr|1575000|3846|34.04190|-118.56304|6843531
1078 Villa Grove Dr|2670000|11470|34.05024|-118.51335|6839935
16550 Akron St|1000000|9120|34.05038|-118.54311|6844149
17639 Porto Marina Way|995000|4486|34.04062|-118.56141|201062142
14826 W Sunset Blvd|1725000|6902|34.04223|-118.52002|6840814
1433 Via Anita|2295000|42120|34.05859|-118.53809|6845376
16450 W Sunset Blvd|3500000|26626|34.04855|-118.54062|201891684
611 Erskine Dr|1500000|5212|34.04352|-118.53350|6842297
15312 Mc Kendree Ave|2350000|8135|34.05258|-118.52604|6845619
771 Ocampo Dr|3950000|7199|34.04209|-118.52256|6840851
1227 Bienveneda Ave|2198000|14842|34.05732|-118.54208|6845064
429 Puerto Del Mar|1499999|7097|34.04108|-118.53969|6842489
1344 Monument St|2850000|10428|34.05426|-118.52473|6845572
16827 W Sunset Blvd|1599000|7028|34.04366|-118.54492|6842993
1314 Goucher St|4300000|18307|34.05308|-118.52159|8102446
1324 Marinette Rd|2900000|13283|34.05413|-118.51887|6845850
1365 Goucher St|2995000|11330|34.05411|-118.52273|8150517
1073 Glenhaven Dr|2495000|12783|34.05479|-118.54757|6843897
1131 Tellem Dr|2600000|14508|34.05645|-118.54418|6845082
646 Paseo Miramar|6000000|116892|34.04850|-118.55789|201891837
14619 Bestor Blvd|2795000|7802|34.05166|-118.51896|6845485
17941 Tramonto Dr|1995000|5657|34.04376|-118.56527|6843624
860 Jacon Way|1750000|23596|34.05255|-118.54681|6844032
1475 Via Cresta|4995000|63559|34.05664|-118.53639|6845398
623 N Marquette St|990000|7400|34.04651|-118.54175|6842751
17635 Porto Marina Way|995000|4042|34.04057|-118.56127|201062022
312 Bellino Dr|1850000|7167|34.04533|-118.56073|6843506
871 Oreo Pl|1300000|5264|34.05007|-118.53849|6844788
616 Via De La Paz|2795000|6002|34.04083|-118.52837|6841535
1018 Maroney Ln|2850000|19495|34.05134|-118.53661|6844757
1228 Las Lomas Pl|1995000|11222|34.05522|-118.53443|6844712
17053 Bollinger Dr|2898000|9630|34.04304|-118.55055|6844418
15422 Albright St|2750000|9327|34.04931|-118.52773|6845676
921 Kagawa St|2999000|6500|34.04669|-118.51814|6846525
1120 Cumbre Alta Ct|2499000|19168|34.06790|-118.55435|6849122
15306 Mc Kendree Ave|2500000|7017|34.05257|-118.52581|6845618
850 Jacon Way|1750000|13309|34.05236|-118.54677|6844033
959 Chattanooga Ave|2790000|14463|34.05203|-118.54327|6844906
909 Rivas Canyon Rd|3750000|18378|34.04637|-118.51443|6839908
14607 Bestor Blvd|2999000|7803|34.05176|-118.51858|6845487
16431 W Sunset Blvd Unit A|1299000|5170|34.04907|-118.54060|6844185
15329 De Pauw St|2345000|8156|34.03998|-118.52675|143516548
1055 Las Pulgas|2050000|12085|34.05198|-118.53900|6844807
664 Las Lomas Ave|1699000|5381|34.04779|-118.53888|6842565
1355 Berea Pl|4500000|9410|34.05377|-118.52202|6845448
1785 Alta Mura Rd Rd|999000|32542|34.06329|-118.50403|195431448
318 Bellino Dr|2850000|9989|34.04550|-118.56087|6843505
16613 Pequeno Pl|2750000|41182|34.05536|-118.54418|6843962
941 Bienveneda Ave|1995000|13148|34.05144|-118.53990|6844886
16021 Anoka Dr|2395000|13487|34.05424|-118.53433|6844707
16556 Chattanooga Pl|2149000|8071|34.04901|-118.54255|6844243
0 Scenic Pl|4995000|468438|34.05236|-118.54857|186427102
